65.6461448252333 86.36655858554548 0.0
65.6461448252333 86.36655858554548 35.0
-19.60865423602263 -146.18474895797382 0.0
-19.60865423602263 -146.18474895797382 35.0
132.99646501579724 20.67591541214219 0.0
132.99646501579724 20.67591541214219 35.0
-86.93382114792905 42.06646762842743 0.0
-86.93382114792905 42.06646762842743 35.0
-153.82091499257956 -182.34064064989366 0.0
-153.82091499257956 -182.34064064989366 35.0
-93.4391269336531 196.70512592134986 0.0
-93.4391269336531 196.70512592134986 35.0
-105.84653259523749 13.717177269192149 0.0
-105.84653259523749 13.717177269192149 35.0
-49.98923897722625 -45.214320878013524 0.0
-49.98923897722625 -45.214320878013524 35.0
63.58801797795712 -181.95006829505655 0.0
63.58801797795712 -181.95006829505655 35.0
49.98350838502455 -49.91877167206863 0.0
49.98350838502455 -49.91877167206863 35.0
